0.02475 0.262998468672 0.000123737366285
0.0490283993418 0.267992460416 0.000368781163399
0.0728607120611 0.272979194578 0.000732762480542
0.0962707506845 0.277956042324 0.00121337304274
0.11928074195 0.282920514739 0.00180836349665
0.141911436241 0.287870252037 0.00251554146323
0.164182210591 0.292803013784 0.00333276943159
0.186111165268 0.297716670028 0.00425796255343
0.207715214053 0.302609193267 0.0052890863854
0.229010168434 0.307478651154 0.00642415461679
0.250010815948 0.312323199882 0.00766122681152
0.27073099298 0.317141078183 0.00899840618713
0.291183652308 0.321930601864 0.0104338374476
0.311380925739 0.326690158858 0.0119657046831
0.331334182113 0.331418204704 0.0135922293451
0.351054081025 0.336113258449 0.0153116683037
0.370550622535 0.340773898902 0.0171223119915
0.389833193172 0.345398761227 0.019022482635
0.408910608493 0.349986533828 0.0210105325751
0.427791152464 0.354535955506 0.0230848426768
0.446482613889 0.359045812859 0.0252438208259
0.464992320137 0.363514937906 0.0274859005109
0.483327168349 0.367942205902 0.0298095394888
0.50149365434 0.372326533337 0.0322132185304
0.519497899362 0.376666876108 0.0346954402437
0.537345674914 0.38096222782 0.0372547279712
0.555042425724 0.385211618238 0.0398896247581
0.572593291072 0.389414111852 0.0425986923881
0.590003124574 0.393568806555 0.0453805104844
0.607276512537 0.397674832422 0.0482336756702
0.624417791016 0.401731350577 0.0511568007892
0.641431061656 0.405737552144 0.0541485141789
0.658320206422 0.409692657275 0.0572074589974
0.675088901306 0.413595914244 0.060332292598
0.691740629073 0.417446598604 0.0635216859505
0.70827869114 0.4212440124 0.0667743231054
0.72470621864 0.424987483433 0.0700889006998
0.741026182736 0.42867636457 0.0734641275006
0.757241404243 0.432310033101 0.0768987239846
0.773354562608 0.435887890128 0.0803914219524
0.789368204292 0.439409359994 0.0839409641736
0.80528475061 0.442873889744 0.0875461040617
0.821106505047 0.44628094861 0.0912056053776
0.836835660117 0.449630027531 0.0949182419585
0.852474303767 0.452920638689 0.0986827974711
0.868024425383 0.456152315073 0.102498065188
0.883487921414 0.45932461006 0.106362847784
0.898866600644 0.462437097015 0.110275957156
0.914162189133 0.465489368909 0.114236214254
0.92937633486 0.468481037951 0.118242448938
0.944510612075 0.471411735233 0.122293499844
0.959566525392 0.474281110387 0.126388214269
0.974545513629 0.477088831261 0.130525448066
0.989448953427 0.479834583594 0.134704065556
1.00427816265 0.482518070707 0.138922939448
1.01903440357 0.485139013205 0.14318095077
1.0337188859 0.487697148681 0.147476988816
1.04833276962 0.490192231431 0.15180995109
1.06287716765 0.492624032176 0.156178743273
1.07735314837 0.494992337785 0.160582279186
1.09176173801 0.497296951013 0.165019480767
1.10610392285 0.499537690234 0.169489278049
1.12038065141 0.501714389185 0.17399060915
1.13459283639 0.503826896712 0.178522420261
1.14874135655 0.505875076519 0.183083665648
1.16282705857 0.507858806924 0.187673307647
1.17685075866 0.509777980614 0.192290316673
1.19081324417 0.511632504408 0.196933671226
1.20471527515 0.513422299017 0.201602357899
1.21855758571 0.51514729881 0.2062953714
1.23234088542 0.516807451586 0.211011714555
1.24606586058 0.518402718337 0.215750398338
1.25973317541 0.51993307303 0.220510441879
1.27334347323 0.521398502374 0.225290872491
1.28689737754 0.522799005599 0.230090725689
1.30039549305 0.524134594234 0.234909045209
1.31383840667 0.525405291891 0.239744883033
1.32722668841 0.526611134041 0.244597299412
1.34056089231 0.5277521678 0.249465362883
1.35384155725 0.528828451716 0.254348150297
1.36706920772 0.529840055552 0.259244746837
1.38024435464 0.530787060078 0.264154246041
1.39336749602 0.531669556857 0.269075749819
1.40643911767 0.532487648039 0.274008368476
1.41945969385 0.533241446152 0.27895122073
1.43242968787 0.533931073897 0.283903433727
1.44534955268 0.534556663943 0.288864143061
1.45821973145 0.535118358724 0.293832492784
1.47104065806 0.535616310239 0.298807635425
1.48381275763 0.536050679851 0.303788731995
1.49653644703 0.536421638087 0.308774952004
1.50921213525 0.536729364444 0.313765473469
1.52184022394 0.536974047192 0.318759482916
1.53442110775 0.537155883182 0.323756175389
1.54695517475 0.53727507765 0.328754754455
1.5594428068 0.53733184403 0.333754432202
1.57188437993 0.537326403766 0.338754429243
1.58428026465 0.537258986119 0.343753974708
1.59663082631 0.53712982799 0.348752306248
1.60893642537 0.536939173728 0.353748670021
1.62119741773 0.536687274953 0.35874232069
1.63341415501 0.536374390376 0.363732521412
1.6455869848 0.536000785615 0.368718543822
1.65771625092 0.535566733026 0.373699668028
1.66980229369 0.535072511524 0.378675182585
1.68184545015 0.53451840641 0.383644384485
1.69384605428 0.533904709202 0.388606579134
1.70580443721 0.533231717464 0.393561080332
1.71772092744 0.532499734641 0.398507210248
1.72959585103 0.531709069892 0.403444299396
1.7414295318 0.530860037931 0.408371686607
1.75322229147 0.529952958859 0.413288719001
1.76497444988 0.528988158013 0.418194751953
1.77668632513 0.527965965804 0.423089149065
1.78835823374 0.526886717564 0.427971282127
1.7999904908 0.525750753393 0.432840531083
1.81158341013 0.52455841801 0.437696283995
1.8231373044 0.523310060602 0.442537936996
1.83465248529 0.522006034681 0.447364894256
1.84612926358 0.520646697938 0.452176567938
1.85756794932 0.519232412101 0.456972378148
1.86896885192 0.517763542797 0.461751752895
1.88033228028 0.516240459415 0.466514128038
1.8916585429 0.514663534966 0.471258947243
1.90294794798 0.513033145959 0.475985661925
1.91420080353 0.511349672261 0.480693731201
1.9254174175 0.509613496974 0.485382621835
1.93659809782 0.507825006309 0.490051808181
1.94774315257 0.505984589459 0.494700772132
1.95885289 0.504092638479 0.499329003057
1.96992761869 0.502149548167 0.503935997743
1.9809676476 0.500155715947 0.50852126034
1.99197328617 0.498111541752 0.513084302292
2.00294484441 0.496017427914 0.517624642283
2.01388263299 0.49387377905 0.522141806166
2.02478696331 0.491681001959 0.526635326905
2.03565814762 0.489439505511 0.531104744504
2.04649649906 0.487149700545 0.535549605944
2.05730233179 0.48481199977 0.539969465114
2.06807596103 0.482426817659 0.544363882743
2.0788177032 0.479994570362 0.548732426331
2.08952787593 0.4775156756 0.553074670078
2.10020679824 0.47499055258 0.557390194813
2.11085479055 0.472419621901 0.561678587921
2.12147217482 0.469803305469 0.565939443272
2.13205927459 0.467142026404 0.570172361147
2.14261641514 0.464436208963 0.574376948163
2.15314392352 0.461686278454 0.578552817198
2.16364212871 0.458892661157 0.582699587314
2.17411136166 0.456055784246 0.586816883684
2.18455195544 0.453176075714 0.590904337509
2.19496424533 0.450253964298 0.594961585945
2.20534856892 0.44728987941 0.598988272024
2.21570526628 0.444284251062 0.602984044569
2.22603467999 0.441237509804 0.606948558122
2.23633715537 0.438150086657 0.610881472856
2.24661304054 0.435022413045 0.614782454499
2.25686268659 0.43185492074 0.618651174248
2.26708644773 0.428648041797 0.622487308689
2.27728468142 0.4254022085 0.626290539711
2.28745774856 0.422117853302 0.630060554423
2.29760601366 0.418795408774 0.633797045071
2.307729845 0.415435307552 0.637499708946
2.31782961486 0.412037982284 0.641168248305
2.32790569969 0.408603865588 0.644802370279
2.33795848033 0.405133389999 0.648401786784
2.34798834228 0.401626987923 0.651966214436
2.35799567589 0.398085091603 0.655495374458
2.36798087668 0.394508133066 0.658988992586
2.37794434557 0.390896544092 0.662446798983
2.38788648921 0.387250756171 0.665868528141
2.39780772029 0.383571200468 0.669253918788
2.40770845788 0.379858307791 0.67260271379
2.4175891278 0.376112508553 0.675914660056
2.42745016303 0.372334232744 0.679189508437
2.43729200409 0.368523909903 0.682427013626
2.44711509953 0.364681969084 0.685626934054
2.45691990642 0.360808838836 0.688789031788
2.46670689086 0.356904947173 0.691913072422
2.47647652854 0.352970721554 0.694998824968
2.48622930539 0.34900658886 0.698046061747
2.4959657182 0.345012975373 0.701054558268
2.50568627536 0.34099030676 0.704024093118
2.51539149763 0.336939008052 0.706954447837
2.52508191898 0.332859503632 0.709845406794
2.53475808749 0.32875221722 0.712696757058
2.54442056639 0.324617571858 0.715508288266
2.55406993506 0.320455989904 0.718279792485
2.56370679026 0.316267893018 0.72101106407
2.5733317474 0.312053702156 0.723701899514
2.58294544194 0.307813837566 0.726352097291
2.5925485309 0.303548718779 0.728961457698
2.60214169455 0.29925876461 0.731529782683
2.61172563823 0.294944393155 0.734056875666
2.6213010944 0.290606021791 0.736542541353
2.63086882481 0.286244067179 0.738986585535
2.64042962296 0.28185894527 0.741388814883
2.64998431678 0.277451071306 0.743749036719
2.65953377162 0.273020859833 0.746067058786
2.66907889351 0.268568724707 0.748342688991
2.67862063282 0.264095079112 0.750575735136
2.6881599883 0.259600335566 0.75276600463
2.69769801158 0.255084905947 0.754913304178
2.70723581219 0.250549201504 0.757017439443
2.71677456315 0.24599363289 0.759078214685
2.72631550726 0.241418610176 0.761095432365
2.73585996412 0.23682454289 0.763068892721
2.745409338 0.232211840047 0.764998393298
2.75496512681 0.227580910182 0.766883728437
2.76452893211 0.2229321614 0.768724688719
2.77410247051 0.218266001416 0.770521060342
2.78368758656 0.213582837614 0.772272624445
2.79328626754 0.208883077105 0.773979156353
2.80290066018 0.204167126794 0.775640424743
2.81253308993 0.199435393459 0.777256190706
2.82218608304 0.194688283839 0.778826206711
2.83186239198 0.189926204733 0.780350215433
2.84156502493 0.185149563113 0.781827948439
2.85129727988 0.180358766258 0.783259124702
2.86106278446 0.175554221903 0.784643448919
2.8708655424 0.170736338412 0.785980609593
2.88070998827 0.165905524984 0.787270276846
2.89060105183 0.161062191888 0.788512099909
2.90054423454 0.156206750742 0.789705704233
2.91054570048 0.151339614844 0.790850688141
2.92061238537 0.14646119956 0.791946618937
2.93075212771 0.141571922793 0.792993028369
2.94097382773 0.136672205551 0.793989407286
2.95128764109 0.131762472625 0.794935199335
2.96170521656 0.126843153432 0.795829793474
2.97223998983 0.12191468304 0.796672515019
2.98290754958 0.116977503457 0.797462614859
2.99372609726 0.11203206523 0.798199256392
3.00471702989 0.107078829492 0.798881499548
3.0159056861 0.102118270564 0.799508281105
3.02732231122 0.0971508793357 0.800078390204
3.03900332018 0.0921771676957 0.800590437588
3.05099297134 0.0871976744189 0.801042816528
3.06334561574 0.0822129731082 0.801433652611
3.07612876629 0.0772236830839 0.801760738308
3.08942735765 0.0722304845866 0.80202144651
3.10334977168 0.067234140436 0.802212614313
3.11803654369 0.0622355275977 0.802330383971
3.13367324825 0.0572356843893 0.802369980584
3.15051010154 0.0522358831902 0.802325393935
3.1688927366 0.0472377463108 0.802188910475
3.18931232455 0.0422434381481 0.801950402664
3.21249080309 0.0372559992542 0.801596208819
3.23953346565 0.0322799610973 0.80110728729
3.27221978627 0.0273225590927 0.8004560075
